[{"CanCollide":true,"Color":[0.6666666865348816,0.7803921699523926,0.658823549747467],"CFrame":[81.60769653320313,396.90765380859377,30.107223510742189,0.5131680965423584,0.043501999229192737,0.8571851253509522,-0.14677618443965913,-0.979555606842041,0.13758231699466706,0.8456450700759888,-0.1964171975851059,-0.4962918758392334],"Transparency":0,"Name":"Leaves","ClassName":"CornerWedgePart","Anchored":true,"Material":"Grass","ParentModel":"Model","Size":[6.04703426361084,9.070551872253418,6.04703426361084]},{"CanCollide":true,"Color":[0.6666666865348816,0.7803921699523926,0.658823549747467],"CFrame":[84.22946166992188,396.96173095703127,32.065521240234378,-0.22933781147003175,0.20213189721107484,0.9521278142929077,-0.12448117136955261,-0.976258397102356,0.1772710382938385,0.9653544425964356,-0.0778670608997345,0.249053955078125],"Transparency":0,"Name":"Leaves","ClassName":"CornerWedgePart","Anchored":true,"Material":"Grass","ParentModel":"Model","Size":[6.04703426361084,9.070551872253418,6.04703426361084]},{"CanCollide":true,"Color":[0.6666666865348816,0.7803921699523926,0.658823549747467],"CFrame":[78.36968994140625,397.00164794921877,30.572235107421876,0.9528588056564331,-0.15251682698726655,0.2622950077056885,-0.190094992518425,-0.9738653898239136,0.12429828941822052,0.23648245632648469,-0.16829968988895417,-0.95694899559021],"Transparency":0,"Name":"Leaves","ClassName":"CornerWedgePart","Anchored":true,"Material":"Grass","ParentModel":"Model","Size":[6.04703426361084,9.070551872253418,6.04703426361084]},{"CanCollide":true,"Color":[0.6666666865348816,0.7803921699523926,0.658823549747467],"CFrame":[76.41201782226563,397.18914794921877,33.187896728515628,0.8320695757865906,-0.27109086513519289,-0.4839111268520355,-0.22912751138210298,-0.9625022411346436,0.14522406458854676,-0.5051344633102417,-0.009959183633327484,-0.862983226776123],"Transparency":0,"Name":"Leaves","ClassName":"CornerWedgePart","Anchored":true,"Material":"Grass","ParentModel":"Model","Size":[6.04703426361084,9.070551872253418,6.04703426361084]},{"CanCollide":true,"Color":[0.6666666865348816,0.7803921699523926,0.658823549747467],"CFrame":[84.69851684570313,397.13330078125,35.30003356933594,-0.8397661447525024,0.23054388165473939,0.49157118797302248,-0.13630899786949159,-0.965897798538208,0.22013932466506959,0.5255593061447144,0.11785998940467835,0.8425534963607788],"Transparency":0,"Name":"Leaves","ClassName":"CornerWedgePart","Anchored":true,"Material":"Grass","ParentModel":"Model","Size":[6.04703426361084,9.070551872253418,6.04703426361084]},{"CanCollide":true,"Color":[0.6666666865348816,0.7803921699523926,0.658823549747467],"CFrame":[76.88101196289063,397.3603820800781,36.422210693359378,0.22158342599868775,-0.24267564713954926,-0.9444626569747925,-0.24090181291103364,-0.9521420001983643,0.1881299614906311,-0.9449166059494019,0.18583619594573975,-0.2694401741027832],"Transparency":0,"Name":"Leaves","ClassName":"CornerWedgePart","Anchored":true,"Material":"Grass","ParentModel":"Model","Size":[6.04703426361084,9.070551872253418,6.04703426361084]},{"CanCollide":true,"Color":[0.6666666865348816,0.7803921699523926,0.658823549747467],"CFrame":[79.50222778320313,397.414794921875,38.38069152832031,-0.5208511352539063,-0.08401933312416077,-0.8495028614997864,-0.2185407280921936,-0.9488570690155029,0.22783856093883515,-0.825199544429779,0.30432090163230898,0.47585147619247439],"Transparency":0,"Name":"Leaves","ClassName":"CornerWedgePart","Anchored":true,"Material":"Grass","ParentModel":"Model","Size":[6.04703426361084,9.070551872253418,6.04703426361084]},{"CanCollide":true,"Color":[0.6666666865348816,0.7803921699523926,0.658823549747467],"CFrame":[82.7403564453125,397.3204345703125,37.91581726074219,-0.9605098962783814,0.11203857511281967,-0.2546922564506531,-0.17527985572814942,-0.9545334577560425,0.24112814664840699,-0.2160966396331787,0.27624839544296267,0.9364769458770752],"Transparency":0,"Name":"Leaves","ClassName":"CornerWedgePart","Anchored":true,"Material":"Grass","ParentModel":"Model","Size":[6.04703426361084,9.070551872253418,6.04703426361084]},{"CanCollide":true,"Color":[0.42352941632270815,0.3450980484485626,0.29411765933036806],"CFrame":[80.64141845703125,401.2740478515625,34.014007568359378,-0.020992636680603029,-0.2461632490158081,-0.9690009951591492,-0.9982210397720337,0.059258341789245608,0.006571829319000244,0.05580359697341919,0.9674151539802551,-0.2469693422317505],"Shape":"Block","Transparency":0,"Name":"Trunk","ClassName":"Part","Anchored":true,"Material":"Wood","ParentModel":"Model","Size":[0.5526030659675598,2.2676379680633547,2.2676379680633547]},{"CanCollide":true,"Color":[0.6666666865348816,0.7803921699523926,0.658823549747467],"CFrame":[84.74166870117188,406.57501220703127,27.583755493164064,0.3767205476760864,-0.26929211616516116,0.886320173740387,-0.3741059899330139,-0.9195404052734375,-0.1203758716583252,0.8474233746528626,-0.28622961044311526,-0.44715356826782229],"Transparency":0,"Name":"Leaves","ClassName":"CornerWedgePart","Anchored":true,"Material":"Grass","ParentModel":"Model","Size":[9.819446563720704,14.729170799255371,9.819446563720704]},{"CanCollide":true,"Color":[0.6666666865348816,0.7803921699523926,0.658823549747467],"CFrame":[88.560546875,404.98992919921877,30.921844482421876,-0.32305872440338137,-0.12693001329898835,0.9378282427787781,-0.11341962963342667,-0.9786295890808106,-0.17152254283428193,0.9395578503608704,-0.16177998483181,0.3017585277557373],"Transparency":0,"Name":"Leaves","ClassName":"CornerWedgePart","Anchored":true,"Material":"Grass","ParentModel":"Model","Size":[9.819446563720704,14.729170799255371,9.819446563720704]},{"CanCollide":true,"Color":[0.6666666865348816,0.7803921699523926,0.658823549747467],"CFrame":[79.79067993164063,408.42333984375,28.142837524414064,0.817945659160614,-0.45386919379234316,0.3535076081752777,-0.5158607959747315,-0.850643515586853,0.10145531594753266,0.25466153025627139,-0.2653456926345825,-0.9299135208129883],"Transparency":0,"Name":"Leaves","ClassName":"CornerWedgePart","Anchored":true,"Material":"Grass","ParentModel":"Model","Size":[9.819446563720704,14.729170799255371,9.819446563720704]},{"CanCollide":true,"Color":[0.6666666865348816,0.7803921699523926,0.658823549747467],"CFrame":[76.60772705078125,409.4522705078125,32.272796630859378,0.7421447038650513,-0.5724952220916748,-0.3485262095928192,-0.45560577511787417,-0.8122979402542114,0.36413681507110598,-0.49157366156578066,-0.111451655626297,-0.8636746406555176],"Transparency":0,"Name":"Leaves","ClassName":"CornerWedgePart","Anchored":true,"Material":"Grass","ParentModel":"Model","Size":[9.819446563720704,14.729170799255371,9.819446563720704]},{"CanCollide":true,"Color":[0.6666666865348816,0.7803921699523926,0.658823549747467],"CFrame":[89.01007080078125,404.5966796875,36.20252990722656,-0.8714950084686279,-0.11023134738206864,0.4778554141521454,0.11355473846197128,-0.9932875633239746,-0.0220339298248291,0.47707656025886538,0.03506028279662132,0.878162145614624],"Transparency":0,"Name":"Leaves","ClassName":"CornerWedgePart","Anchored":true,"Material":"Grass","ParentModel":"Model","Size":[9.819446563720704,14.729170799255371,9.819446563720704]},{"CanCollide":true,"Color":[0.6666666865348816,0.7803921699523926,0.658823549747467],"CFrame":[77.05743408203125,409.0588684082031,37.553314208984378,0.19368207454681397,-0.5557752251625061,-0.8084560632705689,-0.22869177162647248,-0.8269350528717041,0.5136909484863281,-0.9540374279022217,0.08539451658725739,-0.28726375102996828],"Transparency":0,"Name":"Leaves","ClassName":"CornerWedgePart","Anchored":true,"Material":"Grass","ParentModel":"Model","Size":[9.819446563720704,14.729170799255371,9.819446563720704]},{"CanCollide":true,"Color":[0.6666666865348816,0.7803921699523926,0.658823549747467],"CFrame":[80.87655639648438,407.4738464355469,40.891845703125,-0.506118655204773,-0.41338443756103518,-0.7569394707679749,0.03196719288825989,-0.8860361576080322,0.4625129699707031,-0.8618713021278381,0.20988917350769044,0.46165400743484499],"Transparency":0,"Name":"Leaves","ClassName":"CornerWedgePart","Anchored":true,"Material":"Grass","ParentModel":"Model","Size":[9.819446563720704,14.729170799255371,9.819446563720704]},{"CanCollide":true,"Color":[0.6666666865348816,0.7803921699523926,0.658823549747467],"CFrame":[85.8272705078125,405.62530517578127,40.3323974609375,-0.9473162889480591,-0.2288353443145752,-0.2241121530532837,0.17376673221588136,-0.9549510478973389,0.24056924879550935,-0.2690669000148773,0.18895192444324494,0.944404661655426],"Transparency":0,"Name":"Leaves","ClassName":"CornerWedgePart","Anchored":true,"Material":"Grass","ParentModel":"Model","Size":[9.819446563720704,14.729170799255371,9.819446563720704]},{"CanCollide":true,"Color":[0.42352941632270815,0.3450980484485626,0.29411765933036806],"CFrame":[85.17343139648438,413.27783203125,34.50233459472656,-0.35339462757110598,-0.2783964276313782,-0.8930888175964356,-0.9346378445625305,0.06471222639083862,0.3496631979942322,-0.0395512580871582,0.9582837224006653,-0.2830688953399658],"Shape":"Block","Transparency":0,"Name":"Trunk","ClassName":"Part","Anchored":true,"Material":"Wood","ParentModel":"Model","Size":[0.8973417282104492,3.6822926998138429,3.6822926998138429]},{"CanCollide":true,"Color":[0.6666666865348816,0.7803921699523926,0.658823549747467],"CFrame":[93.89614868164063,419.08544921875,25.975173950195314,0.1722097396850586,-0.5360323786735535,0.8264461159706116,-0.5448541045188904,-0.7507898807525635,-0.3734283745288849,0.820656955242157,-0.38598451018333437,-0.4213528633117676],"Transparency":0,"Name":"Leaves","ClassName":"CornerWedgePart","Anchored":true,"Material":"Grass","ParentModel":"Model","Size":[14.534960746765137,21.80244255065918,14.534960746765137]},{"CanCollide":true,"Color":[0.6666666865348816,0.7803921699523926,0.658823549747467],"CFrame":[98.10018920898438,414.59893798828127,30.881378173828126,-0.4074845314025879,-0.43019527196884158,0.805536150932312,-0.07361619174480438,-0.863746166229248,-0.4985212981700897,0.9102401733398438,-0.26244017481803896,0.32029372453689577],"Transparency":0,"Name":"Leaves","ClassName":"CornerWedgePart","Anchored":true,"Material":"Grass","ParentModel":"Model","Size":[14.534960746765137,21.80244255065918,14.534960746765137]},{"CanCollide":true,"Color":[0.6666666865348816,0.7803921699523926,0.658823549747467],"CFrame":[87.83651733398438,424.0370178222656,26.777511596679689,0.5826443433761597,-0.688655436038971,0.43160077929496767,-0.7780740857124329,-0.6260635852813721,0.051432833075523379,0.23478999733924867,-0.3657844066619873,-0.900597333908081],"Transparency":0,"Name":"Leaves","ClassName":"CornerWedgePart","Anchored":true,"Material":"Grass","ParentModel":"Model","Size":[14.534960746765137,21.80244255065918,14.534960746765137]},{"CanCollide":true,"Color":[0.6666666865348816,0.7803921699523926,0.658823549747467],"CFrame":[83.47164916992188,426.55316162109377,32.81880187988281,0.5835250020027161,-0.7985432744026184,-0.14774037897586823,-0.6365939974784851,-0.5627436637878418,0.5273212194442749,-0.5042287707328796,-0.21365447342395783,-0.8367228507995606],"Transparency":0,"Name":"Leaves","ClassName":"CornerWedgePart","Anchored":true,"Material":"Grass","ParentModel":"Model","Size":[14.534960746765137,21.80244255065918,14.534960746765137]},{"CanCollide":true,"Color":[0.6666666865348816,0.7803921699523926,0.658823549747467],"CFrame":[97.98666381835938,413.205810546875,38.62284851074219,-0.8168318271636963,-0.43301886320114138,0.38115665316581728,0.3596641421318054,-0.8988585472106934,-0.2503894567489624,0.45102933049201968,-0.06743770092725754,0.8899577260017395],"Transparency":0,"Name":"Leaves","ClassName":"CornerWedgePart","Anchored":true,"Material":"Grass","ParentModel":"Model","Size":[14.534960746765137,21.80244255065918,14.534960746765137]},{"CanCollide":true,"Color":[0.6666666865348816,0.7803921699523926,0.658823549747467],"CFrame":[83.3580322265625,425.1600341796875,40.55998229980469,0.17422378063201905,-0.8014240860939026,-0.572158694267273,-0.20331615209579469,-0.597801923751831,0.7754324078559876,-0.9634877443313599,-0.018769681453704835,-0.2670937776565552],"Transparency":0,"Name":"Leaves","ClassName":"CornerWedgePart","Anchored":true,"Material":"Grass","ParentModel":"Model","Size":[14.534960746765137,21.80244255065918,14.534960746765137]},{"CanCollide":true,"Color":[0.6666666865348816,0.7803921699523926,0.658823549747467],"CFrame":[87.56222534179688,420.673583984375,45.46661376953125,-0.40555107593536379,-0.6955603361129761,-0.5930634140968323,0.2678948640823364,-0.7107688188552856,0.6504154205322266,-0.8739340901374817,0.10489800572395325,0.474590003490448],"Transparency":0,"Name":"Leaves","ClassName":"CornerWedgePart","Anchored":true,"Material":"Grass","ParentModel":"Model","Size":[14.534960746765137,21.80244255065918,14.534960746765137]},{"CanCollide":true,"Color":[0.6666666865348816,0.7803921699523926,0.658823549747467],"CFrame":[93.62188720703125,415.721923828125,44.66413879394531,-0.8160227537155151,-0.5429574251174927,-0.19825267791748048,0.5011279582977295,-0.8354839086532593,0.22547148168087007,-0.288058340549469,0.08463989198207855,0.9538650512695313],"Transparency":0,"Name":"Leaves","ClassName":"CornerWedgePart","Anchored":true,"Material":"Grass","ParentModel":"Model","Size":[14.534960746765137,21.80244255065918,14.534960746765137]},{"CanCollide":true,"Color":[0.42352941632270815,0.3450980484485626,0.29411765933036806],"CFrame":[97.04293823242188,427.37237548828127,37.161865234375,-0.6375460624694824,-0.30805322527885439,-0.706143856048584,-0.7565526962280273,0.07726037502288819,0.6493529081344605,-0.14547812938690186,0.948227047920227,-0.28231585025787356],"Shape":"Block","Transparency":0,"Name":"Trunk","ClassName":"Part","Anchored":true,"Material":"Wood","ParentModel":"Model","Size":[1.3282649517059327,5.450610637664795,5.450610637664795]},{"CanCollide":true,"Color":[0.6666666865348816,0.7803921699523926,0.658823549747467],"CFrame":[115.856201171875,422.736328125,32.4971923828125,-0.47429072856903078,-0.6689771413803101,0.5722918510437012,-0.009089171886444092,-0.6463040113449097,-0.7630258798599243,0.8803213834762573,-0.36709773540496828,0.30045557022094729],"Transparency":0,"Name":"Leaves","ClassName":"CornerWedgePart","Anchored":true,"Material":"Grass","ParentModel":"Model","Size":[22.07978630065918,33.11968231201172,22.07978630065918]},{"CanCollide":true,"Color":[0.6666666865348816,0.7803921699523926,0.658823549747467],"CFrame":[106.31747436523438,441.9118957519531,27.12921142578125,0.27698826789855959,-0.8271253108978272,0.4890207052230835,-0.9443271160125732,-0.32836782932281496,-0.02051807940006256,0.17754966020584107,-0.45611220598220827,-0.8720308542251587],"Transparency":0,"Name":"Leaves","ClassName":"CornerWedgePart","Anchored":true,"Material":"Grass","ParentModel":"Model","Size":[22.07978630065918,33.11968231201172,22.07978630065918]},{"CanCollide":true,"Color":[0.6666666865348816,0.7803921699523926,0.658823549747467],"CFrame":[100.65435791015625,446.946533203125,36.36918640136719,0.37790828943252566,-0.9210166335105896,0.09441246092319489,-0.750277578830719,-0.24490153789520265,0.6140902042388916,-0.5424655675888062,-0.3029053807258606,-0.7835683822631836],"Transparency":0,"Name":"Leaves","ClassName":"CornerWedgePart","Anchored":true,"Material":"Grass","ParentModel":"Model","Size":[22.07978630065918,33.11968231201172,22.07978630065918]},{"CanCollide":true,"Color":[0.6666666865348816,0.7803921699523926,0.658823549747467],"CFrame":[114.14419555664063,419.82861328125,43.960723876953128,-0.684575080871582,-0.6973569393157959,0.21225032210350038,0.5722635984420776,-0.6945054531097412,-0.43609240651130679,0.4515210688114166,-0.1770748794078827,0.8745131492614746],"Transparency":0,"Name":"Leaves","ClassName":"CornerWedgePart","Anchored":true,"Material":"Grass","ParentModel":"Model","Size":[22.07978630065918,33.11968231201172,22.07978630065918]},{"CanCollide":true,"Color":[0.6666666865348816,0.7803921699523926,0.658823549747467],"CFrame":[98.94247436523438,444.03924560546877,47.83256530761719,0.16766053438186646,-0.949383556842804,-0.2656330168247223,-0.16892284154891969,-0.29312801361083987,0.9410319328308106,-0.9712647199630737,-0.11290249228477478,-0.20951855182647706],"Transparency":0,"Name":"Leaves","ClassName":"CornerWedgePart","Anchored":true,"Material":"Grass","ParentModel":"Model","Size":[22.07978630065918,33.11968231201172,22.07978630065918]},{"CanCollide":true,"Color":[0.6666666865348816,0.7803921699523926,0.658823549747467],"CFrame":[108.4813232421875,424.86358642578127,53.20048522949219,-0.5836799144744873,-0.7912411093711853,-0.1823602020740509,0.7663189768791199,-0.6110368967056274,0.19846698641777039,-0.268464058637619,-0.023904897272586824,0.9629930257797241],"Transparency":0,"Name":"Leaves","ClassName":"CornerWedgePart","Anchored":true,"Material":"Grass","ParentModel":"Model","Size":[22.07978630065918,33.11968231201172,22.07978630065918]},{"CanCollide":true,"Color":[0.42352941632270815,0.3450980484485626,0.29411765933036806],"CFrame":[120.00259399414063,440.7037353515625,43.90275573730469,-0.8377437591552734,-0.33400505781173708,-0.4320029318332672,-0.4862642288208008,0.09633529186248779,0.8684853911399841,-0.2484612762928009,0.9376354813575745,-0.2431192398071289],"Shape":"Block","Transparency":0,"Name":"Trunk","ClassName":"Part","Anchored":true,"Material":"Wood","ParentModel":"Model","Size":[2.017742156982422,8.27992057800293,8.27992057800293]},{"CanCollide":true,"Color":[0.6666666865348816,0.7803921699523926,0.658823549747467],"CFrame":[102.18450927734375,434.8919677734375,54.80442810058594,-0.23069381713867188,-0.8956372737884522,-0.38028207421302798,0.45931220054626467,-0.444777250289917,0.7688990235328674,-0.8577953577041626,0.002711951732635498,0.5139842629432678],"Transparency":0,"Name":"Leaves","ClassName":"CornerWedgePart","Anchored":true,"Material":"Grass","ParentModel":"Model","Size":[22.07978630065918,33.11968231201172,22.07978630065918]},{"CanCollide":true,"Color":[0.6666666865348816,0.7803921699523926,0.658823549747467],"CFrame":[112.61441040039063,431.88336181640627,25.525497436523439,-0.07599592208862305,-0.7227506637573242,0.6869178414344788,-0.6373056173324585,-0.4946180582046509,-0.5909267663955689,0.7668547034263611,-0.48268458247184756,-0.42302417755126955],"Transparency":0,"Name":"Leaves","ClassName":"CornerWedgePart","Anchored":true,"Material":"Grass","ParentModel":"Model","Size":[22.07978630065918,33.11968231201172,22.07978630065918]},{"CanCollide":true,"Color":[0.6666666865348816,0.7803921699523926,0.658823549747467],"CFrame":[147.879638671875,424.92047119140627,37.6798095703125,-0.5168565511703491,-0.8131161332130432,0.2677709460258484,0.0734211802482605,-0.3537416458129883,-0.9324569702148438,0.8529176115989685,-0.46228647232055666,0.24253374338150025],"Transparency":0,"Name":"Leaves","ClassName":"CornerWedgePart","Anchored":true,"Material":"Grass","ParentModel":"Model","Size":[34.811668395996097,52.21751022338867,34.811668395996097]},{"CanCollide":true,"Color":[0.6666666865348816,0.7803921699523926,0.658823549747467],"CFrame":[144.20343017578126,459.03759765625,31.821487426757814,-0.0602191686630249,-0.851765513420105,0.5204509496688843,-0.9942712783813477,0.005056917667388916,-0.10676674544811249,0.08830834925174713,-0.5238987803459168,-0.8471904993057251],"Transparency":0,"Name":"Leaves","ClassName":"CornerWedgePart","Anchored":true,"Material":"Grass","ParentModel":"Model","Size":[34.811668395996097,52.21751022338867,34.811668395996097]},{"CanCollide":true,"Color":[0.6666666865348816,0.7803921699523926,0.658823549747467],"CFrame":[137.26809692382813,468.20916748046877,46.74595642089844,0.15296781063079835,-0.9246840476989746,0.3486550450325012,-0.783771276473999,0.10137110948562622,0.6127206087112427,-0.6019165515899658,-0.36699238419532778,-0.7092342376708984],"Transparency":0,"Name":"Leaves","ClassName":"CornerWedgePart","Anchored":true,"Material":"Grass","ParentModel":"Model","Size":[34.811668395996097,52.21751022338867,34.811668395996097]},{"CanCollide":true,"Color":[0.6666666865348816,0.7803921699523926,0.658823549747467],"CFrame":[148.5989227294922,441.1064453125,28.066680908203126,-0.33758628368377688,-0.8055363893508911,0.4869775176048279,-0.6392364501953125,-0.18356478214263917,-0.746780514717102,0.6909505724906921,-0.5633964538574219,-0.45295941829681399],"Transparency":0,"Name":"Leaves","ClassName":"CornerWedgePart","Anchored":true,"Material":"Grass","ParentModel":"Model","Size":[34.811668395996097,52.21751022338867,34.811668395996097]},{"CanCollide":true,"Color":[0.6666666865348816,0.7803921699523926,0.658823549747467],"CFrame":[131.85537719726563,463.2493896484375,64.09701538085938,0.17686736583709718,-0.9815802574157715,0.07223600149154663,-0.13106927275657655,0.04924976825714111,0.9901491403579712,-0.9754684567451477,-0.18459296226501466,-0.11994433403015137],"Transparency":0,"Name":"Leaves","ClassName":"CornerWedgePart","Anchored":true,"Material":"Grass","ParentModel":"Model","Size":[34.811668395996097,52.21751022338867,34.811668395996097]},{"CanCollide":true,"Color":[0.6666666865348816,0.7803921699523926,0.658823549747467],"CFrame":[131.13604736328126,447.06317138671877,73.71051025390625,-0.002450704574584961,-0.9891449213027954,-0.1469230353832245,0.5815582275390625,-0.12093257904052735,0.8044658899307251,-0.8135011196136475,-0.08347275853157044,0.5755416750907898],"Transparency":0,"Name":"Leaves","ClassName":"CornerWedgePart","Anchored":true,"Material":"Grass","ParentModel":"Model","Size":[34.811668395996097,52.21751022338867,34.811668395996097]},{"CanCollide":true,"Color":[0.6666666865348816,0.7803921699523926,0.658823549747467],"CFrame":[135.5316162109375,429.13226318359377,69.95489501953125,-0.27984750270843508,-0.9429316520690918,-0.18045863509178163,0.9365963935852051,-0.30943572521209719,0.16442863643169404,-0.21088531613349915,-0.12300197035074234,0.96974116563797],"Transparency":0,"Name":"Leaves","ClassName":"CornerWedgePart","Anchored":true,"Material":"Grass","ParentModel":"Model","Size":[34.811668395996097,52.21751022338867,34.811668395996097]},{"CanCollide":true,"Color":[0.42352941632270815,0.3450980484485626,0.29411765933036806],"CFrame":[161.9027099609375,447.82366943359377,58.83116149902344,-0.9289898872375488,-0.35471320152282717,-0.10562378168106079,-0.15762858092784882,0.12099325656890869,0.9800581336021423,-0.33485978841781618,0.9271133542060852,-0.16831445693969727],"Shape":"Block","Transparency":0,"Name":"Trunk","ClassName":"Part","Anchored":true,"Material":"Wood","ParentModel":"Model","Size":[3.18123459815979,13.054377555847168,13.054377555847168]},{"CanCollide":true,"Color":[0.6666666865348816,0.7803921699523926,0.658823549747467],"CFrame":[142.46685791015626,419.96063232421877,55.03086853027344,-0.49298715591430666,-0.8699942231178284,-0.0086306631565094,0.7260693907737732,-0.4059253931045532,-0.5550212264060974,0.47936171293258669,-0.27988457679748537,0.8317914605140686],"Transparency":0,"Name":"Leaves","ClassName":"CornerWedgePart","Anchored":true,"Material":"Grass","ParentModel":"Model","Size":[34.811668395996097,52.21751022338867,34.811668395996097]},{"CanCollide":true,"Color":[0.6666666865348816,0.7803921699523926,0.658823549747467],"CFrame":[206.96966552734376,435.681884765625,37.09953308105469,-0.5807194709777832,-0.7737869024276733,0.2530190348625183,-0.5494506359100342,0.14319241046905518,-0.8231646418571472,0.6007235646247864,-0.6170492768287659,-0.5083123445510864],"Transparency":0,"Name":"Leaves","ClassName":"CornerWedgePart","Anchored":true,"Material":"Grass","ParentModel":"Model","Size":[53.202178955078128,76.80327606201172,53.202178955078128]},{"CanCollide":true,"Color":[0.6666666865348816,0.7803921699523926,0.658823549747467],"CFrame":[178.90676879882813,447.08062744140627,106.82162475585938,0.25132739543914797,-0.9648799896240234,0.0764276385307312,0.6183538436889648,0.22080910205841065,0.7542425990104675,-0.7446295022964478,-0.1423025131225586,0.6521326303482056],"Transparency":0,"Name":"Leaves","ClassName":"CornerWedgePart","Anchored":true,"Material":"Grass","ParentModel":"Model","Size":[53.202178955078128,76.80327606201172,53.202178955078128]},{"CanCollide":true,"Color":[0.6666666865348816,0.7803921699523926,0.658823549747467],"CFrame":[176.78848266601563,419.32647705078127,98.36787414550781,0.05677974224090576,-0.9793165922164917,-0.1942044347524643,0.9910769462585449,0.031791865825653079,0.12944501638412476,-0.12059350311756134,-0.1998213827610016,0.9723829627037048],"Transparency":0,"Name":"Leaves","ClassName":"CornerWedgePart","Anchored":true,"Material":"Grass","ParentModel":"Model","Size":[53.202178955078128,76.80327606201172,53.202178955078128]},{"CanCollide":true,"Color":[0.42352941632270815,0.3450980484485626,0.29411765933036806],"CFrame":[226.86801147460938,434.279296875,86.7783432006836,-0.9000227451324463,-0.36915329098701479,0.23170018196105958,0.18836072087287904,0.14995306730270387,0.970584511756897,-0.39303863048553469,0.9171912670135498,-0.06542718410491944],"Shape":"Block","Transparency":0,"Name":"Trunk","ClassName":"Part","Anchored":true,"Material":"Wood","ParentModel":"Model","Size":[4.861835479736328,19.95081901550293,19.95081901550293]},{"CanCollide":true,"Color":[0.6666666865348816,0.7803921699523926,0.658823549747467],"CFrame":[209.08859252929688,463.43621826171877,45.552734375,-0.38619351387023928,-0.7593908309936523,0.5236221551895142,-0.9221236705780029,0.332169771194458,-0.1983710378408432,-0.023290306329727174,-0.5594539642333984,-0.8285341262817383],"Transparency":0,"Name":"Leaves","ClassName":"CornerWedgePart","Anchored":true,"Material":"Grass","ParentModel":"Model","Size":[53.202178955078128,76.80327606201172,53.202178955078128]},{"CanCollide":true,"Color":[0.6666666865348816,0.7803921699523926,0.658823549747467],"CFrame":[201.74624633789063,478.27032470703127,69.47541809082031,-0.06201064586639404,-0.8093543648719788,0.5840378403663635,-0.7344514727592468,0.43323278427124026,0.5223890542984009,-0.6758221983909607,-0.39655378460884097,-0.6212965250015259],"Transparency":0,"Name":"Leaves","ClassName":"CornerWedgePart","Anchored":true,"Material":"Grass","ParentModel":"Model","Size":[53.202178955078128,76.80327606201172,53.202178955078128]},{"CanCollide":true,"Color":[0.6666666865348816,0.7803921699523926,0.658823549747467],"CFrame":[184.1305389404297,404.4923400878906,74.44554138183594,-0.2674354314804077,-0.9293216466903687,-0.2546364665031433,0.8034303188323975,-0.06917095184326172,-0.591367244720459,0.5319569110870361,-0.36273515224456789,0.7651438117027283],"Transparency":0,"Name":"Leaves","ClassName":"CornerWedgePart","Anchored":true,"Material":"Grass","ParentModel":"Model","Size":[53.202178955078128,76.80327606201172,53.202178955078128]},{"CanCollide":true,"Color":[0.6666666865348816,0.7803921699523926,0.658823549747467],"CFrame":[189.24472045898438,471.49566650390627,94.85393524169922,0.2020757794380188,-0.8945134878158569,0.3987617790699005,-0.09640827775001526,0.3870154023170471,0.9170193672180176,-0.9746131896972656,-0.22375130653381349,-0.008032083511352539],"Transparency":0,"Name":"Leaves","ClassName":"CornerWedgePart","Anchored":true,"Material":"Grass","ParentModel":"Model","Size":[53.202178955078128,76.80327606201172,53.202178955078128]},{"CanCollide":true,"Color":[0.6666666865348816,0.7803921699523926,0.658823549747467],"CFrame":[196.63223266601563,411.26702880859377,49.06690979003906,-0.531570315361023,-0.8441717624664307,-0.06933370232582092,0.1653057336807251,-0.023112058639526368,-0.9859715700149536,0.8307268619537354,-0.5355744361877441,0.15183204412460328],"Transparency":0,"Name":"Leaves","ClassName":"CornerWedgePart","Anchored":true,"Material":"Grass","ParentModel":"Model","Size":[53.202178955078128,76.80327606201172,53.202178955078128]},{"CanCollide":true,"Color":[0.6666666865348816,0.7803921699523926,0.658823549747467],"CFrame":[276.58489990234377,405.1263427734375,48.249298095703128,-0.7752771377563477,-0.631432056427002,0.015463471412658692,-0.3779480457305908,0.4441537857055664,-0.8123316764831543,0.5060640573501587,-0.6356265544891357,-0.5829908847808838],"Transparency":0,"Name":"Leaves","ClassName":"CornerWedgePart","Anchored":true,"Material":"Grass","ParentModel":"Model","Size":[81.02371215820313,111.53559112548828,81.02371215820313]},{"CanCollide":true,"Color":[0.6666666865348816,0.7803921699523926,0.658823549747467],"CFrame":[247.8634796142578,373.3790283203125,61.58197021484375,-0.5174887180328369,-0.7583106160163879,-0.39644739031791689,0.2574264407157898,0.3038794994354248,-0.9172725081443787,0.8160496950149536,-0.5767341256141663,0.03795498609542847],"Transparency":0,"Name":"Leaves","ClassName":"CornerWedgePart","Anchored":true,"Material":"Grass","ParentModel":"Model","Size":[81.02371215820313,111.53559112548828,81.02371215820313]},{"CanCollide":true,"Color":[0.6666666865348816,0.7803921699523926,0.658823549747467],"CFrame":[292.38079833984377,443.11260986328127,66.0897216796875,-0.659799337387085,-0.5616317391395569,0.49923384189605715,-0.7373451590538025,0.6119682788848877,-0.2860364317893982,-0.1448681354522705,-0.55683434009552,-0.8178927898406982],"Transparency":0,"Name":"Leaves","ClassName":"CornerWedgePart","Anchored":true,"Material":"Grass","ParentModel":"Model","Size":[81.02371215820313,111.53559112548828,81.02371215820313]},{"CanCollide":true,"Color":[0.6666666865348816,0.7803921699523926,0.658823549747467],"CFrame":[285.99578857421877,465.0833740234375,104.65435028076172,-0.23871052265167237,-0.5898649096488953,0.7714122533798218,-0.6102973818778992,0.7090227007865906,0.35330432653427126,-0.7553505897521973,-0.38645344972610476,-0.5292441844940186],"Transparency":0,"Name":"Leaves","ClassName":"CornerWedgePart","Anchored":true,"Material":"Grass","ParentModel":"Model","Size":[81.02371215820313,111.53559112548828,81.02371215820313]},{"CanCollide":true,"Color":[0.6666666865348816,0.7803921699523926,0.658823549747467],"CFrame":[223.03933715820313,366.46630859375,98.27938079833985,-0.037482500076293948,-0.8679453730583191,-0.49524328112602236,0.7964219450950623,0.27339255809783938,-0.5394150614738464,0.6035785675048828,-0.41464126110076907,0.6810032725334168],"Transparency":0,"Name":"Leaves","ClassName":"CornerWedgePart","Anchored":true,"Material":"Grass","ParentModel":"Model","Size":[81.02371215820313,111.53559112548828,81.02371215820313]},{"CanCollide":true,"Color":[0.6666666865348816,0.7803921699523926,0.658823549747467],"CFrame":[261.1719055175781,458.1708984375,141.35157775878907,0.24131494760513307,-0.6995329856872559,0.6726222038269043,-0.0712224543094635,0.678470253944397,0.731167197227478,-0.967829704284668,-0.224347323179245,0.11390256881713867],"Transparency":0,"Name":"Leaves","ClassName":"CornerWedgePart","Anchored":true,"Material":"Grass","ParentModel":"Model","Size":[81.02371215820313,111.53559112548828,81.02371215820313]},{"CanCollide":true,"Color":[0.6666666865348816,0.7803921699523926,0.658823549747467],"CFrame":[232.449951171875,426.42333984375,154.68508911132813,0.4991437792778015,-0.826355516910553,0.26075273752212527,0.5640509724617004,0.538289487361908,0.6261716485023499,-0.6578008532524109,-0.1654718518257141,0.7347905039787293],"Transparency":0,"Name":"Leaves","ClassName":"CornerWedgePart","Anchored":true,"Material":"Grass","ParentModel":"Model","Size":[81.02371215820313,111.53559112548828,81.02371215820313]},{"CanCollide":true,"Color":[0.6666666865348816,0.7803921699523926,0.658823549747467],"CFrame":[216.65475463867188,388.43768310546877,136.84332275390626,0.383572518825531,-0.8961746096611023,-0.22303184866905213,0.9234848618507385,0.3703991174697876,0.09990095347166062,-0.006917901337146759,-0.24428579211235047,0.9696785807609558],"Transparency":0,"Name":"Leaves","ClassName":"CornerWedgePart","Anchored":true,"Material":"Grass","ParentModel":"Model","Size":[81.02371215820313,111.53559112548828,81.02371215820313]},{"CanCollide":true,"Color":[0.42352941632270815,0.3450980484485626,0.29411765933036806],"CFrame":[299.82257080078127,385.2449951171875,126.36261749267578,-0.7545981407165527,-0.37666112184524538,0.5373155474662781,0.5085784196853638,0.18171358108520509,0.8416223526000977,-0.4146439731121063,0.9083538055419922,0.054440975189208987],"Shape":"Block","Transparency":0,"Name":"Trunk","ClassName":"Part","Anchored":true,"Material":"Wood","ParentModel":"Model","Size":[7.404282569885254,30.38389778137207,30.38389778137207]},{"CanCollide":true,"Color":[0.6666666865348816,0.7803921699523926,0.658823549747467],"CFrame":[402.52838134765627,368.7099304199219,100.5959243774414,-0.8463637828826904,-0.2836042046546936,0.45081815123558047,-0.4635065197944641,0.8091522455215454,-0.36115697026252749,-0.26235488057136538,-0.5146273374557495,-0.8162895441055298],"Transparency":0,"Name":"Leaves","ClassName":"CornerWedgePart","Anchored":true,"Material":"Grass","ParentModel":"Model","Size":[125.34954833984375,168.02435302734376,125.34954833984375]},{"CanCollide":true,"Color":[0.6666666865348816,0.7803921699523926,0.658823549747467],"CFrame":[398.8579406738281,398.85906982421877,163.46487426757813,-0.3546944856643677,-0.29403868317604067,0.8875433206558228,-0.42881616950035097,0.8946967124938965,0.12503810226917268,-0.8308480978012085,-0.3362426161766052,-0.44343245029449465],"Transparency":0,"Name":"Leaves","ClassName":"CornerWedgePart","Anchored":true,"Material":"Grass","ParentModel":"Model","Size":[125.34954833984375,168.02435302734376,125.34954833984375]},{"CanCollide":true,"Color":[0.6666666865348816,0.7803921699523926,0.658823549747467],"CFrame":[257.9388427734375,287.5981140136719,131.05609130859376,0.16753625869750977,-0.6938352584838867,-0.7003743648529053,0.7080116271972656,0.5790387392044067,-0.404269278049469,0.6860401630401611,-0.4281434416770935,0.5882534384727478],"Transparency":0,"Name":"Leaves","ClassName":"CornerWedgePart","Anchored":true,"Material":"Grass","ParentModel":"Model","Size":[125.34954833984375,168.02435302734376,125.34954833984375]},{"CanCollide":true,"Color":[0.6666666865348816,0.7803921699523926,0.658823549747467],"CFrame":[353.9141845703125,396.42169189453127,216.84156799316407,0.29001349210739138,-0.42149078845977785,0.8592076301574707,-0.06118215620517731,0.887790322303772,0.4561634063720703,-0.9550648927688599,-0.1848617047071457,0.23168343305587769],"Transparency":0,"Name":"Leaves","ClassName":"CornerWedgePart","Anchored":true,"Material":"Grass","ParentModel":"Model","Size":[125.34954833984375,168.02435302734376,125.34954833984375]},{"CanCollide":true,"Color":[0.6666666865348816,0.7803921699523926,0.658823549747467],"CFrame":[302.88262939453127,290.0356750488281,77.67909240722656,-0.4771522283554077,-0.5663022398948669,-0.6720322966575623,0.34037482738494875,0.5859269499778748,-0.7354145646095276,0.8102287650108337,-0.5796476006507874,-0.08682131767272949],"Transparency":0,"Name":"Leaves","ClassName":"CornerWedgePart","Anchored":true,"Material":"Grass","ParentModel":"Model","Size":[125.34954833984375,168.02435302734376,125.34954833984375]},{"CanCollide":true,"Color":[0.6666666865348816,0.7803921699523926,0.658823549747467],"CFrame":[254.26918029785157,317.7475891113281,193.92405700683595,0.659226655960083,-0.7041947245597839,-0.26368534564971926,0.7426924109458923,0.6646087765693665,0.08187278360128403,0.11759321391582489,-0.24980980157852174,0.9611279368400574],"Transparency":0,"Name":"Leaves","ClassName":"CornerWedgePart","Anchored":true,"Material":"Grass","ParentModel":"Model","Size":[125.34954833984375,168.02435302734376,125.34954833984375]},{"CanCollide":true,"Color":[0.42352941632270815,0.3450980484485626,0.29411765933036806],"CFrame":[396.9586486816406,224.41697692871095,204.2571563720703,-0.369449257850647,-0.3768259286880493,0.8494173884391785,0.857170581817627,0.21478837728500367,0.468107670545578,-0.3588401675224304,0.901037335395813,0.24365049600601197],"Shape":"Block","Transparency":0,"Name":"Trunk","ClassName":"Part","Anchored":true,"Material":"Wood","ParentModel":"Model","Size":[193.4549560546875,47.00608825683594,47.00608825683594]},{"CanCollide":true,"Color":[0.6666666865348816,0.7803921699523926,0.658823549747467],"CFrame":[362.7722473144531,323.63262939453127,65.06294250488281,-0.897101879119873,-0.3963884711265564,-0.1951543688774109,-0.14491061866283418,0.6812427043914795,-0.7175719141960144,0.41738468408584597,-0.6154548525810242,-0.6685850620269775],"Transparency":0,"Name":"Leaves","ClassName":"CornerWedgePart","Anchored":true,"Material":"Grass","ParentModel":"Model","Size":[125.34954833984375,168.02435302734376,125.34954833984375]},{"CanCollide":true,"Color":[0.6666666865348816,0.7803921699523926,0.658823549747467],"CFrame":[294.02374267578127,362.8243103027344,229.45872497558595,0.709941029548645,-0.5914390087127686,0.3823396563529968,0.4241558611392975,0.7924677133560181,0.4382769763469696,-0.5622059106826782,-0.14897921681404115,0.8134676814079285],"Transparency":0,"Name":"Leaves","ClassName":"CornerWedgePart","Anchored":true,"Material":"Grass","ParentModel":"Model","Size":[125.34954833984375,168.02435302734376,125.34954833984375]},{"CanCollide":true,"Color":[0.6666666865348816,0.7803921699523926,0.658823549747467],"CFrame":[-655.3822631835938,258.33953857421877,-48.94548797607422,-0.8580363988876343,0.5086879730224609,0.07078590989112854,0.5120282173156738,0.8365254402160645,0.19507001340389253,0.040015533566474918,0.2036214917898178,-0.9782319068908691],"Transparency":0,"Name":"Leaves","ClassName":"CornerWedgePart","Anchored":true,"Material":"Grass","ParentModel":"Model","Size":[15.383139610290528,23.0747127532959,15.383139610290528]},{"CanCollide":true,"Color":[0.42352941632270815,0.3450980484485626,0.29411765933036806],"CFrame":[-667.0838012695313,249.26214599609376,-45.96819305419922,0.3214092254638672,0.7660328149795532,-0.556677520275116,0.8660237789154053,-0.000010132789611816407,0.5000029802322388,0.3830130696296692,-0.6428015232086182,-0.6634058952331543],"Shape":"Block","Transparency":0,"Name":"Trunk","ClassName":"Part","Anchored":true,"Material":"Wood","ParentModel":"Model","Size":[1.4057749509811402,5.768678188323975,5.768678188323975]},{"CanCollide":true,"Color":[0.6666666865348816,0.7803921699523926,0.658823549747467],"CFrame":[-657.659912109375,252.90077209472657,-34.73707580566406,0.2203121781349182,0.4544958472251892,0.8630735874176025,0.5000067949295044,0.7071045637130737,-0.4999963641166687,-0.8375295400619507,0.5416979193687439,-0.07146728038787842],"Transparency":0,"Name":"Leaves","ClassName":"CornerWedgePart","Anchored":true,"Material":"Grass","ParentModel":"Model","Size":[15.383139610290528,23.0747127532959,15.383139610290528]},{"CanCollide":true,"Color":[0.6666666865348816,0.7803921699523926,0.658823549747467],"CFrame":[-669.7703247070313,263.7782287597656,-49.1695671081543,-0.10262906551361084,0.16634470224380494,-0.980712354183197,-0.18300271034240724,0.965932309627533,0.18298855423927308,0.9777409434318543,0.19825297594070435,-0.06869125366210938],"Transparency":0,"Name":"Leaves","ClassName":"CornerWedgePart","Anchored":true,"Material":"Grass","ParentModel":"Model","Size":[15.383139610290528,23.0747127532959,15.383139610290528]},{"CanCollide":true,"Color":[0.6666666865348816,0.7803921699523926,0.658823549747467],"CFrame":[-653.541259765625,254.49368286132813,-41.79473876953125,-0.4753042459487915,0.5525125861167908,0.684701681137085,0.6499434113502502,0.745029091835022,-0.15001769363880158,-0.593009352684021,0.37371325492858889,-0.7132174968719482],"Transparency":0,"Name":"Leaves","ClassName":"CornerWedgePart","Anchored":true,"Material":"Grass","ParentModel":"Model","Size":[15.383139610290528,23.0747127532959,15.383139610290528]},{"CanCollide":true,"Color":[0.6666666865348816,0.7803921699523926,0.658823549747467],"CFrame":[-672.0477294921875,258.3393859863281,-34.961158752441409,0.9756587147712708,0.11217716336250305,-0.18843135237693788,-0.19507312774658204,0.8365060687065125,-0.5120587348937988,0.1001826822757721,0.5363523960113525,0.8380271792411804],"Transparenc